   9.0000000e+01   2.0805579e-13
   9.1526316e+01   1.3768669e-01
   9.3052632e+01   2.9046949e-01
   9.4578947e+01   2.8043630e-01
   9.6105263e+01   2.4105957e-01
   9.7631579e+01   2.0190224e-01
   9.9157895e+01   1.6889250e-01
   1.0068421e+02   1.4209419e-01
   1.0221053e+02   1.2055684e-01
   1.0373684e+02   1.1874488e-01
   1.0526316e+02   1.2831121e-01
   1.0678947e+02   1.3635425e-01
   1.0831579e+02   1.4309636e-01
   1.0984211e+02   1.4882274e-01
   1.1136842e+02   1.5427516e-01
   1.1289474e+02   1.5879725e-01
   1.1442105e+02   1.6252999e-01
   1.1594737e+02   1.6567535e-01
   1.1747368e+02   1.6887721e-01
   1.1900000e+02   1.7107345e-01
   1.2000000e+02   1.7224258e-01
   1.2315789e+02   1.7502574e-01
   1.2631579e+02   1.7683278e-01
   1.2947368e+02   1.7790712e-01
   1.3263158e+02   1.7855952e-01
   1.3578947e+02   1.7887990e-01
   1.3894737e+02   1.7896349e-01
   1.4210526e+02   1.7892029e-01
   1.4526316e+02   1.7874296e-01
   1.4842105e+02   1.7699273e-01
   1.5157895e+02   1.7546648e-01
   1.5473684e+02   1.7429966e-01
   1.5789474e+02   1.7330910e-01
   1.6105263e+02   1.7245207e-01
   1.6421053e+02   1.7177602e-01
   1.6736842e+02   1.7121088e-01
   1.7052632e+02   1.7068909e-01
   1.7368421e+02   1.7029135e-01
   1.7684211e+02   1.7010156e-01
   1.8000000e+02   1.7004079e-01
