   9.0000000e+01   4.4408921e-14
   9.1526316e+01   4.0513746e-02
   9.3052632e+01   6.2440796e-02
   9.4578947e+01   5.2245176e-02
   9.6105263e+01   3.9883310e-02
   9.7631579e+01   3.0776611e-02
   9.9157895e+01   2.3953429e-02
   1.0068421e+02   1.8788159e-02
   1.0221053e+02   1.4829804e-02
   1.0373684e+02   1.1791229e-02
   1.0526316e+02   9.4361214e-03
   1.0678947e+02   7.5910385e-03
   1.0831579e+02   6.9942852e-03
   1.0984211e+02   7.5590782e-03
   1.1136842e+02   8.2087509e-03
   1.1289474e+02   8.8434333e-03
   1.1442105e+02   9.4522511e-03
   1.1594737e+02   1.0045548e-02
   1.1747368e+02   1.0808604e-02
   1.1900000e+02   1.1420959e-02
   1.2000000e+02   1.1792430e-02
   1.2315789e+02   1.2873143e-02
   1.2631579e+02   1.3845636e-02
   1.2947368e+02   1.4734968e-02
   1.3263158e+02   1.5546278e-02
   1.3578947e+02   1.6293191e-02
   1.3894737e+02   1.6976190e-02
   1.4210526e+02   1.7604739e-02
   1.4526316e+02   1.8171608e-02
   1.4842105e+02   2.0135462e-02
   1.5157895e+02   2.1495477e-02
   1.5473684e+02   2.2414715e-02
   1.5789474e+02   2.3128155e-02
   1.6105263e+02   2.3692568e-02
   1.6421053e+02   2.4144309e-02
   1.6736842e+02   2.4491274e-02
   1.7052632e+02   2.4820488e-02
   1.7368421e+02   2.5041231e-02
   1.7684211e+02   2.5166618e-02
   1.8000000e+02   2.5206911e-02
