   9.0000000e+01   1.7874591e-14
   9.1526316e+01   1.6747114e-02
   9.3052632e+01   2.1899697e-02
   9.4578947e+01   1.7762193e-02
   9.6105263e+01   1.3396638e-02
   9.7631579e+01   1.0257147e-02
   9.9157895e+01   7.9068353e-03
   1.0068421e+02   6.1247503e-03
   1.0221053e+02   5.2723881e-03
   1.0373684e+02   5.6713202e-03
   1.0526316e+02   6.0380394e-03
   1.0678947e+02   6.3764946e-03
   1.0831579e+02   6.6926871e-03
   1.0984211e+02   6.9882038e-03
   1.1136842e+02   7.3135156e-03
   1.1289474e+02   7.6186741e-03
   1.1442105e+02   7.9003196e-03
   1.1594737e+02   8.1678650e-03
   1.1747368e+02   8.5011425e-03
   1.1900000e+02   8.7595363e-03
   1.2000000e+02   8.9162638e-03
   1.2315789e+02   9.3559566e-03
   1.2631579e+02   9.7375767e-03
   1.2947368e+02   1.0075995e-02
   1.3263158e+02   1.0377848e-02
   1.3578947e+02   1.0651145e-02
   1.3894737e+02   1.0892878e-02
   1.4210526e+02   1.1114562e-02
   1.4526316e+02   1.1308198e-02
   1.4842105e+02   1.1949241e-02
   1.5157895e+02   1.2374482e-02
   1.5473684e+02   1.2659764e-02
   1.5789474e+02   1.2871861e-02
   1.6105263e+02   1.3040123e-02
   1.6421053e+02   1.3167075e-02
   1.6736842e+02   1.3268446e-02
   1.7052632e+02   1.3365683e-02
   1.7368421e+02   1.3422523e-02
   1.7684211e+02   1.3455238e-02
   1.8000000e+02   1.3466567e-02
