1.4161e-11
1.0692e-11
8.018e-12
6.0347e-12
4.5504e-12
3.4089e-12
2.5525e-12
1.923e-12
1.4396e-12
1.0727e-12
8.0765e-13
6.0438e-13
4.491e-13
3.3742e-13
2.5245e-13
1.876e-13
1.4031e-13
1.0498e-13
7.8023e-14
5.8107e-14
4.3476e-14
3.2322e-14
2.3972e-14
1.7938e-14
1.334e-14
9.854e-15
7.3747e-15
5.4861e-15
4.0526e-15
3.0212e-15
2.2481e-15
1.6614e-15
1.2332e-15
9.1782e-16
6.7854e-16
5.015e-16
3.7327e-16
2.7602e-16
2.0312e-16
1.5117e-16
1.1179e-16
8.2051e-17
6.094e-17
4.506e-17
3.3073e-17
2.4441e-17
1.8065e-17
1.3257e-17
9.746e-18
7.1996e-18
5.2806e-18
3.8613e-18
2.85e-18
2.0887e-18
1.5187e-18
1.1196e-18
8.1964e-19
5.9507e-19
4.3611e-19
3.1879e-19
2.3112e-19
1.6824e-19
1.2276e-19
8.884e-20
6.4212e-20
4.6749e-20
3.3758e-20
2.4217e-20
1.7585e-20
1.2666e-20
9.0344e-21
6.5264e-21
4.6868e-21
3.3334e-21
2.3872e-21
1.7088e-21
1.2115e-21
8.5987e-22
6.1344e-22
4.335e-22
3.0488e-22
2.1677e-22
1.527e-22
1.0643e-22
7.544e-23
5.2994e-23
1e-100
1e-100
1e-100
1e-100
1e-100
1e-100
1e-100
1e-100
1e-100
1e-100
1e-100
1e-100
1e-100
1e-100
1e-100
1e-100
1e-100
1e-100
1e-100
1e-100
1e-100
1e-100
1e-100
1e-100
1e-100
1e-100
1e-100
1e-100
1e-100
1e-100
1e-100
1e-100
1e-100
1e-100
1e-100
1e-100
1e-100
1e-100
1e-100
1e-100
1e-100
1e-100
1e-100
1e-100
1e-100
1e-100
1e-100
1e-100
1e-100
1e-100
1e-100
1e-100
1e-100
1e-100
1e-100
1e-100
1e-100
1e-100
1e-100
1e-100
1e-100
1e-100
1e-100
1e-100
1e-100
1e-100
1e-100
1e-100
1e-100
1e-100
1e-100
1e-100
1e-100
1e-100
1e-100
1e-100
1e-100
1e-100
1e-100
1e-100
1e-100
1e-100
1e-100
1e-100
1e-100
1e-100
1e-100
1e-100
1e-100
1e-100
1e-100
1e-100
1e-100
1e-100
1e-100
1e-100
1e-100
1e-100
1e-100
1e-100
1e-100
1e-100
1e-100
1e-100
1e-100
1e-100
1e-100
1e-100
1e-100
1e-100
1e-100
1e-100
1e-100
1e-100
