1.4161e-11
1.0692e-11
8.018e-12
6.0347e-12
4.5504e-12
3.4089e-12
2.5525e-12
1.923e-12
1.4396e-12
1.0727e-12
8.0765e-13
6.0438e-13
4.491e-13
3.3742e-13
2.5245e-13
1.876e-13
1.4031e-13
1.0498e-13
7.8023e-14
5.8107e-14
4.3476e-14
3.2322e-14
2.3972e-14
1.7938e-14
1.334e-14
9.854e-15
7.3747e-15
5.4861e-15
4.0526e-15
3.0212e-15
2.2481e-15
1.6614e-15
1.2332e-15
9.1782e-16
6.7854e-16
5.015e-16
3.7327e-16
2.7602e-16
2.0312e-16
1.5117e-16
1.1179e-16
8.2051e-17
6.094e-17
4.506e-17
3.3073e-17
2.4441e-17
1.8065e-17
1.3257e-17
9.746e-18
7.1996e-18
5.2806e-18
3.8613e-18
2.85e-18
2.0887e-18
1.5187e-18
1.1196e-18
8.1964e-19
5.9507e-19
4.3611e-19
3.1879e-19
2.3112e-19
1.6824e-19
1.2276e-19
8.884e-20
6.4212e-20
4.6749e-20
3.3758e-20
2.4217e-20
1.7585e-20
1.2666e-20
9.0344e-21
6.5264e-21
4.6868e-21
3.3334e-21
2.3872e-21
1.7088e-21
1.2115e-21
8.5987e-22
6.1344e-22
4.335e-22
3.0488e-22
2.1677e-22
1.527e-22
1.0643e-22
7.544e-23
5.2994e-23
3.7049e-23
2.6259e-23
1.8612e-23
1.3191e-23
9.3495e-24
6.6266e-24
4.6967e-24
3.3289e-24
2.3594e-24
1.6722e-24
1.1852e-24
8.4005e-25
5.954e-25
4.22e-25
2.991e-25
2.1199e-25
1.5025e-25
1.0649e-25
7.5478e-26
5.3496e-26
3.7916e-26
2.6874e-26
1.9047e-26
1.35e-26
9.5684e-27
6.7817e-27
4.8067e-27
3.4068e-27
2.4146e-27
1.7114e-27
1.213e-27
8.5972e-28
6.0934e-28
4.3188e-28
3.061e-28
2.1695e-28
1.5377e-28
1.0899e-28
7.7245e-29
5.4749e-29
3.8804e-29
2.7503e-29
1.9493e-29
1.3816e-29
9.7924e-30
6.9405e-30
4.9192e-30
3.4865e-30
2.4711e-30
1.7515e-30
1.2414e-30
8.7984e-31
6.236e-31
4.4199e-31
3.1327e-31
2.2203e-31
1.5737e-31
1.1154e-31
7.9054e-32
5.6031e-32
3.9713e-32
2.8147e-32
1.995e-32
1.414e-32
1.0022e-32
7.103e-33
5.0343e-33
3.5682e-33
2.529e-33
1.7925e-33
1.2704e-33
9.0044e-34
6.382e-34
4.5234e-34
3.206e-34
2.2723e-34
1.6105e-34
1.1415e-34
8.0905e-35
5.7342e-35
4.0642e-35
2.8806e-35
2.0417e-35
1.4471e-35
1.0256e-35
7.2693e-36
5.1522e-36
3.6517e-36
2.5882e-36
1.8344e-36
1.3002e-36
9.2152e-37
6.5314e-37
4.6293e-37
3.2811e-37
2.3255e-37
1.6482e-37
1.1682e-37
8.2799e-38
5.8685e-38
4.1594e-38
2.948e-38
2.0895e-38
1.4809e-38
1.0496e-38
7.4395e-39
5.2728e-39
3.7372e-39
2.6488e-39
1.8774e-39
1.3306e-39
9.431e-40
6.6843e-40
4.7376e-40
