   4.2143517940823316E-036
   4.5668191571358847E-036
   4.9478012178990097E-036
   5.3596089167763706E-036
   5.8047952243432880E-036
   6.2854471897808821E-036
   6.8049545225602357E-036
   7.3656910424597075E-036
   7.9710679002125401E-036
   8.6242863232509883E-036
   9.3285714669216284E-036
   1.0087301197924824E-035
   1.0905157848809028E-035
   1.1785650451847761E-035
   1.2733470392273926E-035
   1.3753287464864883E-035
   1.4850056060314532E-035
   1.6029459294568646E-035
   1.7295745060300875E-035
   1.8653644373682773E-035
   2.0110572439117407E-035
   2.1672783988543483E-035
   2.3346523421243965E-035
   2.5138160714908673E-035
   2.7055732661666112E-035
   2.9105919636145309E-035
   3.1295484426891897E-035
   3.3631167668800168E-035
   3.6123113593274332E-035
   3.8775966442745698E-035
   4.1601093257250348E-035
   4.4615977145836638E-035
   4.7822024566751038E-035
   5.1224714630770275E-035
   5.4836427874800112E-035
   5.8666932474756443E-035
   6.2726772841629070E-035
   6.7026554054664586E-035
   7.1578264895731015E-035
   7.6392180199172122E-035
   8.1479100371050861E-035
   8.6850111742718042E-035
   9.2518206358285809E-035
   9.8490785239253926E-035
   1.0477882852017629E-034
   1.1139877373640760E-034
   1.1836518953360971E-034
   1.2568915564297904E-034
   1.3338266340340210E-034
   1.4146153778728065E-034
   1.4993650938446324E-034
   1.5882112161789583E-034
   1.6812976250473518E-034
   1.7787737141091566E-034
   1.8808172220961026E-034
   1.9875728072310278E-034
   2.0992243012817897E-034
   2.2159043496655181E-034
   2.3377730952230365E-034
   2.4649780056702707E-034
   2.5976977469195946E-034
   2.7361400045472919E-034
   2.8804958543056394E-034
   3.0309158104520035E-034
   3.1877296460393550E-034
   3.3510613245320938E-034
   3.5211385946587773E-034
   3.6981714598949731E-034
   3.8823723422977111E-034
   4.0739660472492497E-034
   4.2732165749695258E-034
   4.4804805150200875E-034
   4.6959707936218451E-034
   4.9200098997428907E-034
   5.1529189166983989E-034
   5.3949312810500697E-034
   5.6464090063046568E-034
   5.9076658030000866E-034
   6.1790830772655950E-034
   6.4611179584288226E-034
   6.7544032535847551E-034
   7.0593937148810758E-034
   7.3765892657786244E-034
   7.7066009348978415E-034
   8.0500482975321775E-034
   8.4076460316676610E-034
   8.7802087274211437E-034
   9.1687070595454168E-034
   9.5743196587450177E-034
   9.9984072163873518E-034
   1.0442623991620935E-033
   1.0909002087094429E-033
   1.1400093870742331E-033
   1.1919190738544404E-033
   1.2470635880493099E-033
   1.3060296447444916E-033
   1.3697270962073895E-033
   1.4391856919848713E-033
   1.5162802565116901E-033
   1.6034484629702295E-033
   1.7049619562231569E-033
   1.8279047780980795E-033
   1.9850546671017760E-033
   2.2014848486570168E-033
   2.5319265398831655E-033
   3.1156167631348136E-033
   4.3987126703263632E-033
   8.5080070750624042E-033
   3.9865403762868367E-032
   6.9181048473795950E-032
   1.0674329751410697E-032
   5.2045238926329447E-033
   3.7871633849819551E-033
   3.2627884187911476E-033
   3.0436081154803744E-033
   2.9573029661711613E-033
   2.9388057768831562E-033
   2.9591961525891961E-033
   3.0040322436309854E-033
   3.0654859444808749E-033
   3.1389866871889683E-033
   3.2218712974726161E-033
   3.3123694813089335E-033
   3.4093499367356810E-033
   3.5120601262486845E-033
   3.6199922615293622E-033
   3.7328030436342533E-033
   3.8502646474642506E-033
   3.9722544216056581E-033
   4.0986180542494454E-033
   4.2294558925995926E-033
   4.3647177318150709E-033
   4.5044036038448034E-033
   4.6485579206249816E-033
   4.7971935206475630E-033
   4.9503765571419178E-033
   5.1081599361946339E-033
   5.2706177684592242E-033
   5.4377623273554025E-033
   5.6097605503231919E-033
   5.7867859504458322E-033
   5.9688967714815482E-033
   6.1561961525769339E-033
   6.3487295518036774E-033
   6.5466580147395057E-033
   6.7500648186171685E-033
   6.9591438106321608E-033
   7.1740328874761127E-033
   7.3948898234741378E-033
   7.6217934002976394E-033
   7.8548429446075958E-033
   8.0942129661853080E-033
   8.3399486953637005E-033
   8.5922512780880498E-033
   8.8513007866358420E-033
   9.1171660846364821E-033
   9.3901461725688749E-033
   9.6703130349729312E-033
   9.9578006170293046E-033
   1.0252748288213479E-032
   1.0555298289488648E-032
   1.0865610432962175E-032
   1.1183896395543426E-032
   1.1510296570445606E-032
   1.1844993725027422E-032
   1.2188104365377471E-032
   1.2539796985529458E-032
   1.2900247352484446E-032
   1.3269535782486793E-032
   1.3647862845293655E-032
   1.4035341027152659E-032
   1.4432193839910036E-032
   1.4838552241400997E-032
   1.5254518673234523E-032
   1.5680014804468764E-032
   1.6115783773270574E-032
   1.6561285286860595E-032
   1.7016852990044180E-032
   1.7482599050605372E-032
   1.7958624654487534E-032
   1.8445025933372958E-032
   1.8941884712262966E-032
   1.9449228813842157E-032
   1.9967102017376488E-032
   2.0495463522237989E-032
   2.1034247524087333E-032
   2.1583464099110869E-032
   2.2143018855806804E-032
   2.2712836554210431E-032
   2.3292797696734900E-032
   2.3882782498867349E-032
   2.4482547666442189E-032
   2.5091891586573748E-032
   2.5710565141766028E-032
   2.6338427011855359E-032
   2.6974826389271182E-032
   2.7619650026744432E-032
   2.8272420329544417E-032
   2.8932370601209295E-032
   2.9599669644943003E-032
