   6.8830972117953066E-036
   7.4409849739876802E-036
   8.0414864499877370E-036
   8.6874667794013095E-036
   9.3817433911565503E-036
   1.0128044545342072E-035
   1.0929831609050645E-035
   1.1790542893745360E-035
   1.2714345780196278E-035
   1.3704687122007341E-035
   1.4765578290028627E-035
   1.5901532035724704E-035
   1.7116579844806238E-035
   1.8416014056248585E-035
   1.9804585276614474E-035
   2.1287278842926918E-035
   2.2869061122065015E-035
   2.4555852389218828E-035
   2.6351957408770148E-035
   2.8262131668700040E-035
   3.0293724864902298E-035
   3.2452383025908393E-035
   3.4743874182968763E-035
   3.7173872737925779E-035
   3.9749543069591792E-035
   4.2477251934074080E-035
   4.5360861458529209E-035
   4.8405490364115286E-035
   5.1622026309654040E-035
   5.5015974432808630E-035
   5.8593034264052466E-035
   6.2364594305357271E-035
   6.6335407163223777E-035
   7.0512588096133871E-035
   7.4902500694300163E-035
   7.9512100423946999E-035
   8.4346933507307175E-035
   8.9417228276955919E-035
   9.4729605464828604E-035
   1.0029310507042963E-034
   1.0611489382857403E-034
   1.1219877227670414E-034
   1.1856543376378629E-034
   1.2521636660379557E-034
   1.3216137715971866E-034
   1.3941071681132636E-034
   1.4697770732428467E-034
   1.5487118742124041E-034
   1.6310002338260290E-034
   1.7167820850366269E-034
   1.8061508953120022E-034
   1.8992266770143597E-034
   1.9960937601800308E-034
   2.0969111310651681E-034
   2.2018143901965020E-034
   2.3109803899112737E-034
   2.4245428376186309E-034
   2.5426473033361444E-034
   2.6654293054702120E-034
   2.7930049713840923E-034
   2.9255409856126541E-034
   3.0632595975798420E-034
   3.2062843544336365E-034
   3.3547986643486739E-034
   3.5090977306981045E-034
   3.6693099220337426E-034
   3.8356057126554150E-034
   4.0081910100647336E-034
   4.1872732355315318E-034
   4.3730335437589706E-034
   4.5656719199005699E-034
   4.7656138214601856E-034
   4.9729195567544232E-034
   5.1879007055757627E-034
   5.4108238332739446E-034
   5.6418680796380691E-034
   5.8812853404399406E-034
   6.1293171108501817E-034
   6.3862149209097698E-034
   6.6522825338230431E-034
   6.9280582863454306E-034
   7.2137759558956684E-034
   7.5096886796998937E-034
   7.8161265875429915E-034
   8.1333672926518659E-034
   8.4617162986910160E-034
   8.8014419996793029E-034
   9.1529469527705005E-034
   9.5165349197958756E-034
   9.8926611540574601E-034
   1.0281623675720317E-033
   1.0683784767060349E-033
   1.1099506809052969E-033
   1.1529164927219449E-033
   1.1973151598248842E-033
   1.2431873530903055E-033
   1.2907038324069433E-033
   1.3396835155962274E-033
   1.3904343484977692E-033
   1.4427845366216060E-033
   1.4968521574235464E-033
   1.5526760087040771E-033
   1.6102933162507729E-033
   1.6697781325775310E-033
   1.7311858656860749E-033
   1.7945739285470053E-033
   1.8600096259727018E-033
   1.9275300013926305E-033
   1.9971761023466217E-033
   2.0690122236418749E-033
   2.1430960993292909E-033
   2.2195041053702621E-033
   2.2982986412672084E-033
   2.3795335164640441E-033
   2.4632984814071966E-033
   2.5496406563437366E-033
   2.6386303684929109E-033
   2.7303538236946696E-033
   2.8248689342126841E-033
   2.9222482543242629E-033
   3.0225249076418248E-033
   3.1258626457752219E-033
   3.2323049379858573E-033
   3.3419279177353110E-033
   3.4548086955767616E-033
   3.5710245385215176E-033
   3.6906541633092100E-033
   3.8137807301978662E-033
   3.9405139977762012E-033
   4.0708784596476442E-033
   4.2051083901493730E-033
   4.3432612395210107E-033
   4.4854217655373915E-033
   4.6316956246720813E-033
   4.7821696978251945E-033
   4.9369365315894910E-033
   5.0960922051287837E-033
   5.2597411351550572E-033
   5.4279224595369130E-033
   5.6008226430227436E-033
   5.7786298944711244E-033
   5.9614205571208009E-033
   6.1493107140573207E-033
   6.3423571507314962E-033
   6.5407307052734209E-033
   6.7445229316493730E-033
   6.9539327783191935E-033
   7.1691050596794632E-033
   7.3902037679933656E-033
   7.6173126296375356E-033
   7.8505354399893970E-033
   8.0900504189126548E-033
   8.3359066354208785E-033
   8.5883074064819813E-033
   8.8474351004818860E-033
   9.1133612793709462E-033
   9.3863869012113075E-033
   9.6665861096593862E-033
   9.9540945639148710E-033
   1.0249053268457429E-032
   1.0551605959100056E-032
   1.0861913504992113E-032
   1.1180188563937431E-032
   1.1506572786871341E-032
   1.1841249409020730E-032
   1.2184336265446687E-032
   1.2536002329405013E-032
   1.2896424167198023E-032
   1.3265682848791666E-032
   1.3643979643776828E-032
   1.4031427416057207E-032
   1.4428250055009575E-032
   1.4834580865260583E-032
   1.5250517111111787E-032
   1.5675986413152723E-032
   1.6111730552319447E-032
   1.6557209507329363E-032
   1.7012757260190701E-032
   1.7478486148283871E-032
   1.7954497543032861E-032
   1.8440887801511837E-032
   1.8937738916160890E-032
   1.9445078907971992E-032
   1.9962951739764146E-032
   2.0491316725346600E-032
   2.1030108235690741E-032
   2.1579336433553013E-032
   2.2138906999435318E-032
   2.2708744729115556E-032
   2.3288730160870693E-032
   2.3878743531517986E-032
   2.4478541565190654E-032
   2.5087922804100050E-032
   2.5706664015004654E-032
   2.6334546306150874E-032
   2.6970994308377333E-032
   2.7615871810776244E-032
   2.8268699916693371E-032
   2.8928712087801949E-032
   2.9596076107637873E-032
