   7.0825114033262728E-036
   7.6450126762164379E-036
   8.2498501129730724E-036
   8.9003683947734553E-036
   9.5998045702755494E-036
   1.0351194974555840E-035
   1.1158264961238172E-035
   1.2024562975199873E-035
   1.2953831559871826E-035
   1.3949750096410001E-035
   1.5016109107684152E-035
   1.6157586026090033E-035
   1.7379046115081168E-035
   1.8684383025460922E-035
   2.0078977387448162E-035
   2.1567993884588010E-035
   2.3156691563633294E-035
   2.4850549503091922E-035
   2.6653265074896628E-035
   2.8570642951199616E-035
   3.0609240773948593E-035
   3.2775231671035643E-035
   3.5074308622913316E-035
   3.7512267526988121E-035
   4.0095957472427161E-035
   4.2831283246811960E-035
   4.5723837162392496E-035
   4.8776424045551348E-035
   5.2001253548254028E-035
   5.5403157737404335E-035
   5.8990617772253555E-035
   6.2771000285000441E-035
   6.6750703061926525E-035
   7.0937190908159182E-035
   7.5336858322537080E-035
   7.9956793426657686E-035
   8.4803524789760818E-035
   8.9884511120707128E-035
   9.5208047440106559E-035
   1.0078230249529219E-034
   1.0661558574749365E-034
   1.1271589965663797E-034
   1.1908966547642469E-034
   1.2575300906885652E-034
   1.3271029643554735E-034
   1.3997196458576713E-034
   1.4755269027287250E-034
   1.5545820912041734E-034
   1.6370021930037571E-034
   1.7229171520840902E-034
   1.8124270329769370E-034
   1.9056324835443659E-034
   2.0026475263609356E-034
   2.1036216109182866E-034
   2.2087084628799941E-034
   2.3180302270632922E-034
   2.4317595602134262E-034
   2.5500231058679383E-034
   2.6729701550775719E-034
   2.8007260619478481E-034
   2.9334286985018126E-034
   3.0713303720496972E-034
   3.2145432436745892E-034
   3.3632587171707012E-034
   3.5177490790358385E-034
   3.6781336626223771E-034
   3.8446363704557536E-034
   4.0174333743494463E-034
   4.1967188512194964E-034
   4.3826966919111876E-034
   4.5755468091540680E-034
   4.7757133667329190E-034
   4.9832496518749319E-034
   5.1984680711760463E-034
   5.4216289843084450E-034
   5.6529108849928201E-034
   5.8925724193472469E-034
   6.1408562589168940E-034
   6.3980141108360051E-034
   6.6643685462959653E-034
   6.9404040529000003E-034
   7.2263774731569275E-034
   7.5225574554354117E-034
   7.8292753214093765E-034
   8.1468071091937085E-034
   8.4754611747893514E-034
   8.8155290519370135E-034
   9.1673475975130830E-034
   9.5312973081826821E-034
   9.9077293827808305E-034
   1.0297007386456701E-033
   1.0699493343685301E-033
   1.1115549254587388E-033
   1.1545549911311135E-033
   1.1989887867135951E-033
   1.2448974101096377E-033
   1.2924202673513677E-033
   1.3414709044677973E-033
   1.3922583217600564E-033
   1.4446448539461450E-033
   1.4987502796857135E-033
   1.5546135494143961E-033
   1.6122718308136627E-033
   1.6717995436334456E-033
   1.7332559334637759E-033
   1.7966867276931511E-033
   1.8621678223758221E-033
   1.9297315600505593E-033
   1.9994220706185000E-033
   2.0713035030619666E-033
   2.1454333872606718E-033
   2.2218885140865632E-033
   2.3007306898551182E-033
   2.3820177862641705E-033
   2.4658254499356939E-033
   2.5522113639103292E-033
   2.6412462612813853E-033
   2.7330171392300375E-033
   2.8275813051592204E-033
   2.9250102801914231E-033
   3.0253348965355294E-033
   3.1287193743017550E-033
   3.2352081822337324E-033
   3.3448782568936486E-033
   3.4578066245548049E-033
   3.5740703795615890E-033
   3.6937481913590193E-033
   3.8169228644998768E-033
   3.9437045576873648E-033
   4.0741160678637181E-033
   4.2083947329180446E-033
   4.3465973448797302E-033
   4.4888086459845608E-033
   4.6351407542789939E-033
   4.7856612958543595E-033
   4.9404808830405658E-033
   5.0996890432105291E-033
   5.2633901579920672E-033
   5.4316215443617239E-033
   5.6045717887983959E-033
   5.7824316956924643E-033
   5.9652749357886823E-033
   6.1532175210348049E-033
   6.3463158226340431E-033
   6.5447405067432396E-033
   6.7485830273477526E-033
   6.9580444302274735E-033
   7.1732685806333616E-033
   7.3944189141514066E-033
   7.6215788669254151E-033
   7.8548520904048078E-033
   8.0944163032801064E-033
   8.3403204349825792E-033
   8.5927683119378510E-033
   8.8519425893369850E-033
   9.1179143673160234E-033
   9.3909846650293460E-033
   9.6712272931220033E-033
   9.9587777078585506E-033
   1.0253776740854945E-032
   1.0556367927373905E-032
   1.0866712320598577E-032
   1.1185022362362786E-032
   1.1511439696426908E-032
   1.1846147585139019E-032
   1.2189263636020002E-032
   1.2540956713369301E-032
   1.2901403224569635E-032
   1.3270684055803301E-032
   1.3649000374656679E-032
   1.4036464941078213E-032
   1.4433301826151346E-032
   1.4839644127286970E-032
   1.5255588969954122E-032
   1.5681063857683713E-032
   1.6116810425949231E-032
   1.6562288513725034E-032
   1.7017831998729968E-032
   1.7483553226018180E-032
   1.7959553535546087E-032
   1.8445929196239446E-032
   1.8942762155316708E-032
   1.9450080344645744E-032
   1.9967927665505154E-032
   2.0496263331433878E-032
   2.1035021647980160E-032
   2.1584212774852467E-032
   2.2143742356140868E-032
   2.2713535199164634E-032
   2.3293471847954887E-032
   2.3883432542832732E-032
   2.4483174032557396E-032
   2.5092494883349479E-032
   2.5711171918005028E-032
   2.6338986289261425E-032
   2.6975362706820608E-032
   2.7620165098892499E-032
   2.8272914671621603E-032
   2.8932844995674282E-032
   2.9600124067221998E-032
