   4.1966460951465944E-036
   4.5475939125280026E-036
   4.9269287784322739E-036
   5.3369509062404678E-036
   5.7802016362652478E-036
   6.2587554079042864E-036
   6.7759882585540668E-036
   7.3342591838087162E-036
   7.9369632606319096E-036
   8.5872842873047635E-036
   9.2884285198017526E-036
   1.0043753330560021E-035
   1.0857918827614077E-035
   1.1734409941486988E-035
   1.2677891918790396E-035
   1.3693006205410447E-035
   1.4784676444496205E-035
   1.5958552401093338E-035
   1.7218845791141797E-035
   1.8570248386393851E-035
   2.0020132816172589E-035
   2.1574707620659548E-035
   2.3240167079540544E-035
   2.5022826784447169E-035
   2.6930664506367469E-035
   2.8970296562289258E-035
   3.1148416209318680E-035
   3.3471688600536536E-035
   3.5950176015552253E-035
   3.8588433708231901E-035
   4.1397732074709899E-035
   4.4395449249359099E-035
   4.7582877647011168E-035
   5.0965372459504216E-035
   5.4555179546671210E-035
   5.8361920682966511E-035
   6.2395981094892938E-035
   6.6667792733381100E-035
   7.1189156034206699E-035
   7.5970140868415627E-035
   8.1021324522758810E-035
   8.6353550359387774E-035
   9.1979545736648703E-035
   9.7906423214110753E-035
   1.0414484841286508E-034
   1.1071091578611100E-034
   1.1761881954000188E-034
   1.2487923051471765E-034
   1.3250369326797236E-034
   1.4050754427284604E-034
   1.4890097963265712E-034
   1.5769695752669057E-034
   1.6690922463119964E-034
   1.7655201688307942E-034
   1.8664233590269266E-034
   1.9719379884550729E-034
   2.0822385523382084E-034
   2.1974474125854816E-034
   2.3177133713424670E-034
   2.4431713729640159E-034
   2.5739862340888960E-034
   2.7103503010967802E-034
   2.8524376322637101E-034
   3.0003798290887006E-034
   3.1544856057557855E-034
   3.3148554298301051E-034
   3.4816907784910132E-034
   3.6551722124161823E-034
   3.8354790756713227E-034
   4.0227989141746213E-034
   4.2173536412965957E-034
   4.4194521653173885E-034
   4.6292532216973197E-034
   4.8470175023569134E-034
   5.0729953660348234E-034
   5.3073389972335213E-034
   5.5503166817596586E-034
   5.8021335408532968E-034
   6.0630445896269176E-034
   6.3333591180634403E-034
   6.6135360914289616E-034
   6.9038246881052975E-034
   7.2044802611530338E-034
   7.5158209834040921E-034
   7.8381133051229678E-034
   8.1716428990824572E-034
   8.5166989212112969E-034
   8.8736028278777589E-034
   9.2427233823542962E-034
   9.6244004115398181E-034
   1.0018986538559363E-033
   1.0426833196267686E-033
   1.0848292191315299E-033
   1.1283728531848951E-033
   1.1733525415752492E-033
   1.2198084886527839E-033
   1.2678792354256440E-033
   1.3174775615694790E-033
   1.3688116330117244E-033
   1.4217431278168981E-033
   1.4763911176119005E-033
   1.5327939108284834E-033
   1.5909880858860669E-033
   1.6510474776568783E-033
   1.7130308191824886E-033
   1.7769833519237461E-033
   1.8429805132826262E-033
   1.9110542383069849E-033
   1.9812482875643349E-033
   2.0536264527649592E-033
   2.1282459477041915E-033
   2.2051832780373625E-033
   2.2844999947499158E-033
   2.3662537410380172E-033
   2.4505209017099722E-033
   2.5373561706955850E-033
   2.6268329414884493E-033
   2.7190371496460757E-033
   2.8140259978815211E-033
   2.9118709227546205E-033
   3.0126027118666600E-033
   3.1163854648326466E-033
   3.2232637130377341E-033
   3.3333143468728175E-033
   3.4466143970825462E-033
   3.5632409782124884E-033
   3.6832727912399022E-033
   3.8067926847602656E-033
   3.9339108403040259E-033
   4.0646502367432609E-033
   4.1992481568430036E-033
   4.3377615303220930E-033
   4.4802751911995210E-033
   4.6269013932908943E-033
   4.7777077791768307E-033
   4.9328051713774409E-033
   5.0922831859286899E-033
   5.2562463331385860E-033
   5.4247322391013896E-033
   5.5979291242969623E-033
   5.7760284782416671E-033
   5.9591038153057910E-033
   6.1472713162350717E-033
   6.3405876329249059E-033
   6.5392234639597081E-033
   6.7432704475436781E-033
   6.9529297026947136E-033
   7.1683454752094086E-033
   7.3896811030895376E-033
   7.6170202601048320E-033
   7.8504665883252320E-033
   8.0901984157179947E-033
   8.3362643604353033E-033
   8.5888685823696811E-033
   8.8481938418138569E-033
   9.1143114053256526E-033
   9.3875224261609373E-033
   9.6679008214771992E-033
   9.9555822747538919E-033
   1.0250707721787090E-032
   1.0553420817261124E-032
   1.0863882651268316E-032
   1.1182306057686270E-032
   1.1508832478565850E-032
   1.1843645633286063E-032
   1.2186862893097872E-032
   1.2538653539129995E-032
   1.2899194055189571E-032
   1.3268565410937480E-032
   1.3646968772291548E-032
   1.4034517169869308E-032
   1.4431434612975654E-032
   1.4837852514358646E-032
   1.5253873731907253E-032
   1.5679420315840466E-032
   1.6115235753527470E-032
   1.6560780072280380E-032
   1.7016387210454837E-032
   1.7482169605166128E-032
   1.7958228689571181E-032
   1.8444660822352278E-032
   1.8941548037024497E-032
   1.9448918347868897E-032
   1.9966815710257084E-032
   2.0495199485474250E-032
   2.1034004018084560E-032
   2.1583239521246694E-032
   2.2142811729484271E-032
   2.2712645518809977E-032
   2.3292621498387883E-032
   2.3882619981980990E-032
   2.4482397765912126E-032
   2.5091753320626250E-032
   2.5710437605377104E-032
   2.6338309370698724E-032
   2.6974717874151146E-032
   2.7619549928473810E-032
   2.8272327994230868E-032
   2.8932285425916631E-032
   2.9599591073697104E-032
