   4.0293840926222558E-036
   4.3757201852351428E-036
   4.7504296319499322E-036
   5.1558880507283282E-036
   5.5937957049066389E-036
   6.0673993856599713E-036
   6.5793042496136330E-036
   7.1322853589562574E-036
   7.7292537514411241E-036
   8.3738414764928304E-036
   9.0691421438079712E-036
   9.8187515514912897E-036
   1.0626494501014013E-035
   1.1496993222568383E-035
   1.2434212427184515E-035
   1.3442591330875600E-035
   1.4527535201705925E-035
   1.5694182273316445E-035
   1.6947483105339466E-035
   1.8291432291414222E-035
   1.9734098474737764E-035
   2.1281107027778985E-035
   2.2938636616186569E-035
   2.4713106977248859E-035
   2.6612623247065036E-035
   2.8644286075514458E-035
   3.0813996910561906E-035
   3.3128508822809551E-035
   3.5597808093720716E-035
   3.8230038716665168E-035
   4.1029988607303372E-035
   4.4014991699439002E-035
   4.7192720692402199E-035
   5.0565600799297617E-035
   5.4145383327554344E-035
   5.7941535496118475E-035
   6.1963397458560356E-035
   6.6224227192789310E-035
   7.0733917104711971E-035
   7.5503694043055491E-035
   8.0543112510293595E-035
   8.5862989242496653E-035
   9.1476302100675653E-035
   9.7390719267647065E-035
   1.0361653335458015E-034
   1.1016980559838495E-034
   1.1706413841308385E-034
   1.2431109688318521E-034
   1.3192145116785111E-034
   1.3991119074320919E-034
   1.4829051039844327E-034
   1.5707307776427400E-034
   1.6627008642546516E-034
   1.7589675012112726E-034
   1.8596824786005677E-034
   1.9650522331147574E-034
   2.0751659175822653E-034
   2.1902114390046255E-034
   2.3102994396809023E-034
   2.4355910961667004E-034
   2.5662256860518913E-034
   2.7024026463466682E-034
   2.8442978509043656E-034
   2.9920460752534651E-034
   3.1459647497447054E-034
   3.3061392491230153E-034
   3.4727640134323638E-034
   3.6460296744339436E-034
   3.8261302735426297E-034
   4.0132291709726268E-034
   4.2075485931812507E-034
   4.4094394789435095E-034
   4.6190068425546440E-034
   4.8365307927815584E-034
   5.0622658037062185E-034
   5.2963709999148399E-034
   5.5391016169289647E-034
   5.7906637001692920E-034
   6.0513120825652662E-034
   6.3213372207578623E-034
   6.6012525325362704E-034
   6.8912824271084409E-034
   7.1916684311441818E-034
   7.5027269615360638E-034
   7.8247260420624954E-034
   8.1579484918585630E-034
   8.5026603187734130E-034
   8.8592486895922846E-034
   9.2280056112019213E-034
   9.6093749869086289E-034
   1.0003643883943987E-033
   1.0411163991122396E-033
   1.0832287494197663E-033
   1.1267379733362995E-033
   1.1716823828560283E-033
   1.2181017550416258E-033
   1.2661659761285276E-033
   1.3156932212193532E-033
   1.3669905791797070E-033
   1.4198856055809464E-033
   1.4744956709440368E-033
   1.5308589310065486E-033
   1.5890120220991598E-033
   1.6490284116651083E-033
   1.7109629943398964E-033
   1.7748726980755735E-033
   1.8408243680762876E-033
   1.9088546409324562E-033
   1.9790041943555433E-033
   2.0513369657559957E-033
   2.1259103729741721E-033
   2.2028005066171451E-033
   2.2820695106210774E-033
   2.3637709655896604E-033
   2.4479953601785314E-033
   2.5347868265891382E-033
   2.6242183509110644E-033
   2.7163750776532778E-033
   2.8113148142357453E-033
   2.9091100301060566E-033
   3.0097938037511141E-033
   3.1135297673421996E-033
   3.2203614524953768E-033
   3.3303649462310336E-033
   3.4436173633760179E-033
   3.5601959910057643E-033
   3.6801795773571945E-033
   3.8036513266727355E-033
   3.9307210203178041E-033
   4.0614133332461567E-033
   4.1959624859915910E-033
   4.3344260654320949E-033
   4.4768889211498772E-033
   4.6234568128929469E-033
   4.7742167353018187E-033
   4.9292613478589645E-033
   5.0886868507717926E-033
   5.2525977893628230E-033
   5.4210336055607991E-033
   5.5941804126756865E-033
   5.7722270903540967E-033
   5.9552498301478033E-033
   6.1433648837924775E-033
   6.3366293174639221E-033
   6.5352140016519438E-033
   6.7392106745239393E-033
   6.9488183577970784E-033
   7.1641822463142839E-033
   7.3854662347736472E-033
   7.6127542870888631E-033
   7.8461501890497369E-033
   8.0858327702831511E-033
   8.3318507879909397E-033
   8.5844078927556825E-033
   8.8436865580592643E-033
   9.1097585122436769E-033
   9.3829248474520421E-033
   9.6632598138334806E-033
   9.9508992977688429E-033
   1.0245984407900345E-032
   1.0548658999448982E-032
   1.0859083978472510E-032
   1.1177472394775408E-032
   1.1503965697583525E-032
   1.1838747579152428E-032
   1.2181935638251736E-032
   1.2533699264949382E-032
   1.2894215101951839E-032
   1.3263564302686169E-032
   1.3641948135060435E-032
   1.4029479733631228E-032
   1.4426382925982332E-032
   1.4832789332053787E-032
   1.5248801948592324E-032
   1.5674342942823054E-032
   1.6110155947580823E-032
   1.6555701129915260E-032
   1.7011312532466980E-032
   1.7477102584675714E-032
   1.7953172751154795E-032
   1.8439619478722292E-032
   1.8936524846105532E-032
   1.9443916956705438E-032
   1.9961839827425855E-032
   2.0490252919814677E-032
   2.1029090643855292E-032
   2.1578363215748891E-032
   2.2137976406429623E-032
   2.2707855080367552E-032
   2.3287879840972563E-032
   2.3877930998499828E-032
   2.4477765324640257E-032
   2.5087181265825225E-032
   2.5705929723508026E-032
   2.6333869409039074E-032
   2.6970349495798155E-032
   2.7615256659172707E-032
   2.8268113256920428E-032
   2.8928152534595790E-032
   2.9595543129536661E-032
